
-3.0 0.731204118803
-2.95 0.731227664128
-2.9 0.731255017073
-2.85 0.731286792857
-2.8 0.731323705915
-2.75 0.731366585839
-2.7 0.731416395846
-2.65 0.731474254192
-2.6 0.731541458958
-2.55 0.731619516757
-2.5 0.731710175943
-2.45 0.731815465002
-2.4 0.731937736913
-2.35 0.732079720334
-2.3 0.732244578622
-2.25 0.732435977774
-2.2 0.732658164538
-2.15 0.732916056034
-2.1 0.733215342359
-2.05 0.733562603776
-2.0 0.733965444112
-1.95 0.734432642078
-1.9 0.734974322137
-1.85 0.735602146394
-1.8 0.736329528686
-1.75 0.737171871442
-1.7 0.738146825036
-1.65 0.739274567998
-1.6 0.740578104498
-1.55 0.742083572748
-1.5 0.743820554145
-1.45 0.745822367756
-1.4 0.748126327807
-1.35 0.750773932798
-1.3 0.75381094332
-1.25 0.757287291348
-1.2 0.761256746763
-1.15 0.765776247484
-1.1 0.770904779406
-1.05 0.776701674119
-1.0 0.783224181183
-0.95 0.790524175681
-0.9 0.798643892662
-0.85 0.807610653397
-0.8 0.817430681703
-0.75 0.828082316762
-0.7 0.839509215072
-0.65 0.851614475553
-0.6 0.864256953453
-0.55 0.877251232923
-0.5 0.890372644832
-0.45 0.903368190236
-0.4 0.915973199075
-0.35 0.927932151699
-0.3 0.939020695584
-0.25 0.949065039909
-0.2 0.957955073785
-0.15 0.96564884451
-0.1 0.97216807327
-0.05 0.977586447519
0 0.982013790038
0.05 0.975886189333
0.1 0.967843626743
0.15 0.957502623989
0.2 0.944524992842
0.25 0.928678872468
0.3 0.909899134287
0.35 0.888330555956
0.4 0.864338508212
0.45 0.838480165165
0.5 0.811441530354
0.55 0.783956133959
0.6 0.756725202237
0.65 0.730355478014
0.7 0.705322700057
0.75 0.681960406698
0.8 0.660468245806
0.85 0.640932069372
0.9 0.623348841087
0.95 0.607651377537
1.0 0.59373006707
1.05 0.581450389135
1.1 0.570666143369
1.15 0.561228874379
1.2 0.552994201314
1.25 0.545825776933
1.3 0.53959751528
1.35 0.534194606175
1.4 0.529513713955
1.45 0.525462653111
1.5 0.521959749347
1.55 0.518933030401
1.6 0.516319343688
1.65 0.5140634639
1.7 0.512117229961
1.75 0.510438734351
1.8 0.50899157686
1.85 0.507744187542
1.9 0.506669219057
1.95 0.505743005736
2.0 0.504945085069
2.05 0.50425777651
2.1 0.5036658122
2.15 0.503156014206
2.2 0.502717013157
2.25 0.502339003468
2.3 0.502013530755
2.35 0.501733307479
2.4 0.501492053239
2.45 0.501284356576
2.5 0.501105555472
2.55 0.500951634089
2.6 0.500819133597
2.65 0.500705075208
2.7 0.500606893762
2.75 0.500522380448
2.8 0.500449633419
2.85 0.500387015217
2.9 0.50033311608
2.95 0.50028672233
3.0 0.500246789132
3.05 0.50021241703
3.1 0.50018283174
3.15 0.500157366742
3.2 0.500135448296
3.25 0.500116582529
3.3 0.500100344328
3.35 0.500086367767
3.4 0.500074337874
3.45 0.500063983532